0.063676260984028
0.77383737710885
0.0918877750839329
0.0058085130157899
0.373385841524737
0.950838262579364
0.85003022494251
0.75963522818282
0.391047068576892
0.621203024474184
0.900829007904846
0.965562131729882
0.35966664937554
0.6930055816334
0.34083393290269
0.625973137349234
0.55015550385545
0.61793131915871
0.035031847000582
0.547129989077735
0.354255998374677
0.52960355378197
0.75798738892007
0.98802541051023
0.99447227641024
0.71895402779139
0.55661770604053
0.943287240700332
0.95282854310205
0.761331235258112
0.00279821850186579
0.84746733126361
0.415554160228197
0.11786972785617
0.324341005546945
0.120903887553567
0.47614755169381
0.79141807347378
0.9731646951434
0.860109966679794
0.534548830877451
0.62518709231083
0.00983088959585388
0.108498174931487
0.2754866585608
0.0900468097111258
0.75388489987637
0.526037728040004
0.804356199727316
0.91424071187037
0.469792068115883
0.909261045927728
0.96432932482341
0.667083736782445
0.428556219500905
0.895850033803791
0.553672610564945
0.416038099956552
0.505409962862505
0.320833577401142
0.107587943537894
0.8343505932619
0.54430566771293
0.074271195984323
0.10419388483666
0.64427640874803
0.0402174050856647
0.943061062971594
0.8995846758003
0.0386999430405339
0.260600603046823
0.80237313058899
0.39219791843417
0.731791971681012
0.74766240052677
0.654991664020585
0.362062478869966
0.547148289363765
0.21339135470416
0.399660410165598
0.62578371032339
0.959677922579303
0.159640468250792
0.842365048917856
0.59345678949312
0.76529688361792
0.125837416351125
0.347266133413854
0.50899676465603
0.0603315166477145
0.28722659860124
0.65683182133535
0.600692449266532
0.97031384953457
0.196863056514214
0.793519156761526
0.564105527709465
0.0756827947849
0.784868846667454
0.588169721472148
